[gd_scene load_steps=12 format=2]

[ext_resource path="res://worlddata/data.hterrain" type="Resource" id=1]
[ext_resource path="res://addons/zylann.hterrain/hterrain.gd" type="Script" id=2]
[ext_resource path="res://assets/textures/soil_sand_0036_01.jpg" type="Texture" id=3]
[ext_resource path="res://assets/textures/soil_ground_0085_01.jpg" type="Texture" id=4]
[ext_resource path="res://code/scenes/Planet/Planet.cs" type="Script" id=5]
[ext_resource path="res://code/scenes/Ship/PlayerShip/PlayerShip.tscn" type="PackedScene" id=6]
[ext_resource path="res://code/scenes/Player/Player.tscn" type="PackedScene" id=7]
[ext_resource path="res://code/scenes/Building/PizzaPlace/PizzaPlace.tscn" type="PackedScene" id=8]
[ext_resource path="res://code/scenes/FollowCamera/FollowCamera.cs" type="Script" id=9]
[ext_resource path="res://code/scenes/Ship/PlayerShip/CameraTarget.cs" type="Script" id=10]
[ext_resource path="res://code/scenes/Alien/Alien.tscn" type="PackedScene" id=11]

[node name="Planet" type="Spatial"]
script = ExtResource( 5 )

[node name="DirectionalLight" type="DirectionalLight" parent="."]
transform = Transform( -0.581711, 0.706991, -0.402214, 0, 0.494488, 0.869184, 0.813395, 0.505614, -0.287649, 0, 254.901, 0 )
shadow_enabled = true

[node name="Terrain" type="Spatial" parent="."]
script = ExtResource( 2 )
map_scale = Vector3( 2, 2, 2 )
_terrain_data = ExtResource( 1 )
chunk_size = 32
shader_type = "Classic4Lite"
custom_shader = null
shader_params/u_ground_uv_scale = 5.0
shader_params/u_depth_blending = true
shader_params/u_triplanar = false
ground/albedo_bump_0 = ExtResource( 4 )
ground/normal_roughness_0 = null
ground/albedo_bump_1 = ExtResource( 3 )
ground/normal_roughness_1 = null
ground/albedo_bump_2 = null
ground/normal_roughness_2 = null
ground/albedo_bump_3 = null
ground/normal_roughness_3 = null

[node name="PlayerShip" parent="." instance=ExtResource( 6 )]
transform = Transform( 0.197452, 0, 0.980313, 0, 1, 0, -0.980313, 0, 0.197452, 1806.72, 182.528, 1455.18 )
linear_damp = 0.8
angular_damp = 0.7
TooltipDescription = "This is a spaceship that you can drive [Right click to enter]"

[node name="CameraTarget" type="Spatial" parent="PlayerShip"]
transform = Transform( 1, -3.72529e-08, 0, 0, 0.966187, 0.257841, 0, -0.257841, 0.966187, -0.00109863, 16.2789, 29.9207 )
script = ExtResource( 10 )

[node name="Player" parent="." instance=ExtResource( 7 )]
transform = Transform( -1.52171, 0, 2.58542, 0, 3, 0, -2.58542, 0, -1.52171, 1811.12, 179.283, 1477.27 )

[node name="FollowCamera" type="InterpolatedCamera" parent="."]
transform = Transform( 1, -1.49012e-08, 0, 0, 1, 0, 1.49012e-08, 0, 0, 1761.83, 191.446, 1459.22 )
far = 1000.0
target = NodePath("../PlayerShip/CameraTarget")
speed = 2.0
enabled = true
script = ExtResource( 9 )

[node name="PizzaPlace" parent="." instance=ExtResource( 8 )]
transform = Transform( -0.930641, 0, 0.365933, 0, 1, 0, -0.365933, 0, -0.930641, 1812.58, 174.282, 1461.07 )

[node name="Alien" parent="." instance=ExtResource( 11 )]
transform = Transform( 1.62789, 0, 1.16189, 0, 2, 0, -1.16189, 0, 1.62789, 1688.44, 166.228, 1415.57 )
MartianName = "Trezok"
[connection signal="Abandoned" from="PlayerShip" to="FollowCamera" method="_on_PlayerShip_Abandoned"]
[connection signal="Occupied" from="PlayerShip" to="FollowCamera" method="_on_PlayerShip_Occupied"]
